625784139971356824438291576846572391713869245592143768159427683284635917367918452
598742136346159782127386459253471698964825317871693524612937845435268971789514263
839572461614398752752641938247856193596713284381429675123965847978234516465187329
265974183189523764473168952854712639396485217712396845637849521521637498948251376
619543782374892516285176934937625148548931627126784359761458293452369871893217465
982731654753649281164285397478963125536128749219574863841392576397856412625417938
736152894521489367984367521643521789295873416817694235468215973159738642372946158
137245689984736152562189743253674891749518326816923574395862417421357968678491235
614532798729841563538769214186925347342687159975413826853294671291376485467158932
153467982428519376976382451315894627692731845847256193584173269761928534239645718
613945287927183564548672319351296748892754631476831952189367425235419876764528193
216957348348126957759438216472683591895712463631549872527364189984271635163895724
369745281428319756157286394945178623782653149613924875234891567571462938896537412
268149753974563128513827946849372615721654839635981274152498367487236591396715482
468531972357492816192768345279354681834916527516287439641825793723649158985173264
186432759374519268259867431643951872917286345825743196768194523491325687532678914
572849361491763582836512497369185724245697138718234956623971845154328679987456213
384512679712986345596437218268795431457361982139824567821653794645179823973248156
165392748974851326382647591297518463418763952536429187621935874749186235853274619
943625817617984235852731964529468173478153692136279548361542789785396421294817356